6 12
6 13
7 11
7 12
7 13
7 14
8 10
8 11
8 14
8 15
9 9
9 10
9 15
10 9
10 15
11 8
11 9
11 15
12 8
12 15
13 7
13 8
13 15
14 7
14 15
15 7
15 15
16 6
16 7
16 15
17 6
17 15
18 6
18 15
19 6
19 14
19 15
20 5
20 6
20 14
21 5
21 14
22 5
22 14
23 5
23 14
24 5
24 14
25 5
25 14
26 4
26 5
26 14
27 4
27 14
28 4
28 14
29 4
29 13
29 14
30 4
30 13
31 4
31 13
32 4
32 13
33 4
33 13
34 4
34 13
35 4
35 13
36 4
36 13
37 4
37 13
38 4
38 13
39 4
39 13
40 4
40 13
41 4
41 13
42 4
42 5
42 13
43 5
43 12
43 13
44 5
44 12
45 5
45 12
46 5
46 12
47 5
47 12
48 5
48 12
49 5
49 6
49 12
50 6
50 12
51 6
51 12
52 6
52 12
53 6
53 12
54 6
54 7
54 12
55 7
55 12
56 7
56 12
57 7
57 12
58 7
58 8
58 12
59 8
59 12
60 8
60 12
61 8
61 12
62 8
62 9
62 12
63 9
63 12
64 9
64 12
65 9
65 12
66 9
66 10
66 12
66 13
67 10
67 13
68 10
68 13
69 10
69 11
69 13
70 11
70 13
71 11
71 13
72 11
72 12
72 13
73 12
73 13
74 12
74 13
75 13
76 13